
obj/kern/kernel：     文件格式 elf32-i386

.stab 节的内容：

Symnum n_type n_othr n_desc n_value  n_strx String

-1     HdrSym 0      1430   0000199c 1     
0      SO     0      0      f0100000 1      {standard input}
1      SOL    0      0      f010000c 18     kern/entry.S
2      SLINE  0      44     f010000c 0      
3      SLINE  0      57     f0100015 0      
4      SLINE  0      58     f010001a 0      
5      SLINE  0      60     f010001d 0      
6      SLINE  0      61     f0100020 0      
7      SLINE  0      62     f0100025 0      
8      SLINE  0      67     f0100028 0      
9      SLINE  0      68     f010002d 0      
10     SLINE  0      74     f010002f 0      
11     SLINE  0      77     f0100034 0      
12     SLINE  0      80     f0100039 0      
13     SLINE  0      83     f010003e 0      
14     SO     0      2      f0100040 31     kern/entrypgdir.c
15     OPT    0      0      00000000 49     gcc2_compiled.
16     LSYM   0      0      00000000 64     int:t(0,1)=r(0,1);-2147483648;2147483647;
17     LSYM   0      0      00000000 106    char:t(0,2)=r(0,2);0;127;
18     LSYM   0      0      00000000 132    long int:t(0,3)=r(0,3);-2147483648;2147483647;
19     LSYM   0      0      00000000 179    unsigned int:t(0,4)=r(0,4);0;4294967295;
20     LSYM   0      0      00000000 220    long unsigned int:t(0,5)=r(0,5);0;4294967295;
21     LSYM   0      0      00000000 266    __int128:t(0,6)=r(0,6);0;-1;
22     LSYM   0      0      00000000 295    __int128 unsigned:t(0,7)=r(0,7);0;-1;
23     LSYM   0      0      00000000 333    long long int:t(0,8)=r(0,8);-9223372036854775808;9223372036854775807;
24     LSYM   0      0      00000000 403    long long unsigned int:t(0,9)=r(0,9);0;-1;
25     LSYM   0      0      00000000 446    short int:t(0,10)=r(0,10);-32768;32767;
26     LSYM   0      0      00000000 486    short unsigned int:t(0,11)=r(0,11);0;65535;
27     LSYM   0      0      00000000 530    signed char:t(0,12)=r(0,12);-128;127;
28     LSYM   0      0      00000000 568    unsigned char:t(0,13)=r(0,13);0;255;
29     LSYM   0      0      00000000 605    float:t(0,14)=r(0,1);4;0;
30     LSYM   0      0      00000000 631    double:t(0,15)=r(0,1);8;0;
31     LSYM   0      0      00000000 658    long double:t(0,16)=r(0,1);12;0;
32     LSYM   0      0      00000000 691    _Float32:t(0,17)=r(0,1);4;0;
33     LSYM   0      0      00000000 720    _Float64:t(0,18)=r(0,1);8;0;
34     LSYM   0      0      00000000 749    _Float128:t(0,19)=r(0,1);16;0;
35     LSYM   0      0      00000000 780    _Float32x:t(0,20)=r(0,1);8;0;
36     LSYM   0      0      00000000 810    _Float64x:t(0,21)=r(0,1);12;0;
37     LSYM   0      0      00000000 841    _Decimal32:t(0,22)=r(0,1);4;0;
38     LSYM   0      0      00000000 872    _Decimal64:t(0,23)=r(0,1);8;0;
39     LSYM   0      0      00000000 903    _Decimal128:t(0,24)=r(0,1);16;0;
40     LSYM   0      0      00000000 936    void:t(0,25)=(0,25)
41     BINCL  0      0      000159c2 956    ./inc/mmu.h
42     BINCL  0      0      000060d4 968    ./inc/types.h
43     LSYM   0      0      00000000 982    bool:t(2,1)=(2,2)=eFalse:0,True:1,;
44     LSYM   0      0      00000000 1018    :T(2,3)=efalse:0,true:1,;
45     LSYM   0      0      00000000 1045   int8_t:t(2,4)=(0,12)
46     LSYM   0      0      00000000 1066   uint8_t:t(2,5)=(0,13)
47     LSYM   0      0      00000000 1088   int16_t:t(2,6)=(0,10)
48     LSYM   0      0      00000000 1110   uint16_t:t(2,7)=(0,11)
49     LSYM   0      0      00000000 1133   int32_t:t(2,8)=(0,1)
50     LSYM   0      0      00000000 1154   uint32_t:t(2,9)=(0,4)
51     LSYM   0      0      00000000 1176   int64_t:t(2,10)=(0,8)
52     LSYM   0      0      00000000 1198   uint64_t:t(2,11)=(0,9)
53     LSYM   0      0      00000000 1221   intptr_t:t(2,12)=(2,8)
54     LSYM   0      0      00000000 1244   uintptr_t:t(2,13)=(2,9)
55     LSYM   0      0      00000000 1268   physaddr_t:t(2,14)=(2,9)
56     LSYM   0      0      00000000 1293   ppn_t:t(2,15)=(2,9)
57     LSYM   0      0      00000000 1313   size_t:t(2,16)=(2,9)
58     LSYM   0      0      00000000 1334   ssize_t:t(2,17)=(2,8)
59     LSYM   0      0      00000000 1356   off_t:t(2,18)=(2,8)
60     EINCL  0      0      00000000 0      
61     LSYM   0      0      00000000 1376   Segdesc:T(1,1)=s8sd_lim_15_0:(0,4),0,16;sd_base_15_0:(0,4),16,16;sd_base_23_16:(0,4),32,8;sd_type:(0,4),40,4;sd_s:(0,4),44,1;sd_dpl:(0,4),45,2;sd_p:(0,4),47,1;sd_lim_19_16:(0,4),48,4;sd_avl:(0,4),52,1;sd_rsv1:(0,4),53,1;sd_db:(0,4),54,1;sd_g:(0,4),55,1;sd_base_31_24:(0,4),56,8;;
62     LSYM   0      0      00000000 1656   Taskstate:T(1,2)=s104ts_link:(2,9),0,32;ts_esp0:(2,13),32,32;ts_ss0:(2,7),64,16;ts_padding1:(2,7),80,16;ts_esp1:(2,13),96,32;ts_ss1:(2,7),128,16;ts_padding2:(2,7),144,16;ts_esp2:(2,13),160,32;ts_ss2:(2,7),192,16;ts_padding3:(2,7),208,16;ts_cr3:(2,14),224,32;ts_eip:(2,13),256,32;ts_eflags:(2,9),288,32;ts_eax:(2,9),320,32;ts_ecx:(2,9),352,32;ts_edx:(2,9),384,32;ts_ebx:(2,9),416,32;ts_esp:(2,13),448,32;ts_ebp:(2,13),480,32;ts_esi:(2,9),512,32;ts_edi:(2,9),544,32;ts_es:(2,7),576,16;ts_padding4:(2,7),592,16;ts_cs:(2,7),608,16;ts_padding5:(2,7),624,16;ts_ss:(2,7),640,16;ts_padding6:(2,7),656,16;ts_ds:(2,7),672,16;ts_padding7:(2,7),688,16;ts_fs:(2,7),704,16;ts_padding8:(2,7),720,16;ts_gs:(2,7),736,16;ts_padding9:(2,7),752,16;ts_ldt:(2,7),768,16;ts_padding10:(2,7),784,16;ts_t:(2,7),800,16;ts_iomb:(2,7),816,16;;
63     LSYM   0      0      00000000 2471   Gatedesc:T(1,3)=s8gd_off_15_0:(0,4),0,16;gd_sel:(0,4),16,16;gd_args:(0,4),32,5;gd_rsv1:(0,4),37,3;gd_type:(0,4),40,4;gd_s:(0,4),44,1;gd_dpl:(0,4),45,2;gd_p:(0,4),47,1;gd_off_31_16:(0,4),48,16;;
64     LSYM   0      0      00000000 2665   Pseudodesc:T(1,4)=s6pd_lim:(2,7),0,16;pd_base:(2,9),16,32;;
65     EINCL  0      0      00000000 0      
66     BINCL  0      0      000008c7 2725   ./inc/memlayout.h
67     LSYM   0      0      00000000 2743   pte_t:t(3,1)=(2,9)
68     LSYM   0      0      00000000 2762   pde_t:t(3,2)=(2,9)
69     EINCL  0      0      00000000 0      
70     GSYM   0      0      00000000 2781   entry_pgdir:G(0,26)=ar(0,27)=r(0,27);0;4294967295;;0;1023;(3,2)
71     GSYM   0      0      00000000 2845   entry_pgtable:G(0,28)=ar(0,27);0;1023;(3,1)
72     SO     0      0      f0100040 0      
73     SO     0      2      f0100040 2889   kern/init.c
74     OPT    0      0      00000000 49     gcc2_compiled.
75     LSYM   0      0      00000000 64     int:t(0,1)=r(0,1);-2147483648;2147483647;
76     LSYM   0      0      00000000 106    char:t(0,2)=r(0,2);0;127;
77     LSYM   0      0      00000000 132    long int:t(0,3)=r(0,3);-2147483648;2147483647;
78     LSYM   0      0      00000000 179    unsigned int:t(0,4)=r(0,4);0;4294967295;
79     LSYM   0      0      00000000 220    long unsigned int:t(0,5)=r(0,5);0;4294967295;
80     LSYM   0      0      00000000 266    __int128:t(0,6)=r(0,6);0;-1;
81     LSYM   0      0      00000000 295    __int128 unsigned:t(0,7)=r(0,7);0;-1;
82     LSYM   0      0      00000000 333    long long int:t(0,8)=r(0,8);-9223372036854775808;9223372036854775807;
83     LSYM   0      0      00000000 403    long long unsigned int:t(0,9)=r(0,9);0;-1;
84     LSYM   0      0      00000000 446    short int:t(0,10)=r(0,10);-32768;32767;
85     LSYM   0      0      00000000 486    short unsigned int:t(0,11)=r(0,11);0;65535;
86     LSYM   0      0      00000000 530    signed char:t(0,12)=r(0,12);-128;127;
87     LSYM   0      0      00000000 568    unsigned char:t(0,13)=r(0,13);0;255;
88     LSYM   0      0      00000000 605    float:t(0,14)=r(0,1);4;0;
89     LSYM   0      0      00000000 631    double:t(0,15)=r(0,1);8;0;
90     LSYM   0      0      00000000 658    long double:t(0,16)=r(0,1);12;0;
91     LSYM   0      0      00000000 691    _Float32:t(0,17)=r(0,1);4;0;
92     LSYM   0      0      00000000 720    _Float64:t(0,18)=r(0,1);8;0;
93     LSYM   0      0      00000000 749    _Float128:t(0,19)=r(0,1);16;0;
94     LSYM   0      0      00000000 780    _Float32x:t(0,20)=r(0,1);8;0;
95     LSYM   0      0      00000000 810    _Float64x:t(0,21)=r(0,1);12;0;
96     LSYM   0      0      00000000 841    _Decimal32:t(0,22)=r(0,1);4;0;
97     LSYM   0      0      00000000 872    _Decimal64:t(0,23)=r(0,1);8;0;
98     LSYM   0      0      00000000 903    _Decimal128:t(0,24)=r(0,1);16;0;
99     LSYM   0      0      00000000 936    void:t(0,25)=(0,25)
100    BINCL  0      0      00000000 2901   ./inc/stdio.h
101    BINCL  0      0      00000650 2915   ./inc/stdarg.h
102    LSYM   0      0      00000000 2930   va_list:t(2,1)=(2,2)=*(0,2)
103    EINCL  0      0      00000000 0      
104    EINCL  0      0      00000000 0      
105    BINCL  0      0      00000000 2958   ./inc/string.h
106    EXCL   0      0      000060d4 968    ./inc/types.h
107    EINCL  0      0      00000000 0      
108    FUN    0      0      f0100040 2973   test_backtrace:F(0,25)
109    PSYM   0      0      00000008 2996   x:p(0,1)
110    SLINE  0      13     00000000 0      
111    SLINE  0      14     00000013 0      
112    SLINE  0      15     00000023 0      
113    SLINE  0      16     0000002a 0      
114    SLINE  0      19     00000039 0      
115    SLINE  0      20     00000049 0      
116    SLINE  0      18     00000053 0      
117    RSYM   0      0      00000006 3005   x:r(0,1)
118    FUN    0      0      f01000a6 3014   i386_init:F(0,25)
119    SLINE  0      24     00000000 0      
120    SLINE  0      30     00000012 0      
121    SLINE  0      30     00000020 0      
122    SLINE  0      34     00000029 0      
123    SLINE  0      38     0000002e 0      
124    SLINE  0      40     00000042 0      
125    SLINE  0      42     00000053 0      
126    SLINE  0      47     00000062 0      
127    FUN    0      0      f0100117 3032   _panic:F(0,25)
128    PSYM   0      0      00000008 3047   file:p(0,26)=*(0,2)
129    PSYM   0      0      0000000c 3067   line:p(0,1)
130    PSYM   0      0      00000010 3079   fmt:p(0,26)
131    SLINE  0      63     00000000 0      
132    SLINE  0      66     00000017 0      
133    SLINE  0      66     0000001d 0      
134    SLINE  0      82     00000022 0      
135    SLINE  0      68     00000031 0      
136    SLINE  0      71     00000033 0      
137    SLINE  0      73     00000035 0      
138    SLINE  0      74     00000038 0      
139    SLINE  0      75     0000004d 0      
140    SLINE  0      76     00000057 0      
141    RSYM   0      0      00000007 3091   fmt:r(0,26)
142    FUN    0      0      f0100181 3103   _warn:F(0,25)
143    PSYM   0      0      00000008 3117   file:p(0,26)
144    PSYM   0      0      0000000c 3067   line:p(0,1)
145    PSYM   0      0      00000010 3079   fmt:p(0,26)
146    SLINE  0      88     00000000 0      
147    SLINE  0      91     00000010 0      
148    SLINE  0      92     00000013 0      
149    SLINE  0      93     00000028 0      
150    SLINE  0      94     00000034 0      
151    SLINE  0      96     00000042 0      
152    GSYM   0      0      00000000 3130   panicstr:G(0,26)
153    SO     0      0      f01001cd 0      
154    SO     0      2      f01001d1 3147   kern/console.c
155    OPT    0      0      00000000 49     gcc2_compiled.
156    LSYM   0      0      00000000 64     int:t(0,1)=r(0,1);-2147483648;2147483647;
157    LSYM   0      0      00000000 106    char:t(0,2)=r(0,2);0;127;
158    LSYM   0      0      00000000 132    long int:t(0,3)=r(0,3);-2147483648;2147483647;
159    LSYM   0      0      00000000 179    unsigned int:t(0,4)=r(0,4);0;4294967295;
160    LSYM   0      0      00000000 220    long unsigned int:t(0,5)=r(0,5);0;4294967295;
161    LSYM   0      0      00000000 266    __int128:t(0,6)=r(0,6);0;-1;
162    LSYM   0      0      00000000 295    __int128 unsigned:t(0,7)=r(0,7);0;-1;
163    LSYM   0      0      00000000 333    long long int:t(0,8)=r(0,8);-9223372036854775808;9223372036854775807;
164    LSYM   0      0      00000000 403    long long unsigned int:t(0,9)=r(0,9);0;-1;
165    LSYM   0      0      00000000 446    short int:t(0,10)=r(0,10);-32768;32767;
166    LSYM   0      0      00000000 486    short unsigned int:t(0,11)=r(0,11);0;65535;
167    LSYM   0      0      00000000 530    signed char:t(0,12)=r(0,12);-128;127;
168    LSYM   0      0      00000000 568    unsigned char:t(0,13)=r(0,13);0;255;
169    LSYM   0      0      00000000 605    float:t(0,14)=r(0,1);4;0;
170    LSYM   0      0      00000000 631    double:t(0,15)=r(0,1);8;0;
171    LSYM   0      0      00000000 658    long double:t(0,16)=r(0,1);12;0;
172    LSYM   0      0      00000000 691    _Float32:t(0,17)=r(0,1);4;0;
173    LSYM   0      0      00000000 720    _Float64:t(0,18)=r(0,1);8;0;
174    LSYM   0      0      00000000 749    _Float128:t(0,19)=r(0,1);16;0;
175    LSYM   0      0      00000000 780    _Float32x:t(0,20)=r(0,1);8;0;
176    LSYM   0      0      00000000 810    _Float64x:t(0,21)=r(0,1);12;0;
177    LSYM   0      0      00000000 841    _Decimal32:t(0,22)=r(0,1);4;0;
178    LSYM   0      0      00000000 872    _Decimal64:t(0,23)=r(0,1);8;0;
179    LSYM   0      0      00000000 903    _Decimal128:t(0,24)=r(0,1);16;0;
180    LSYM   0      0      00000000 936    void:t(0,25)=(0,25)
181    BINCL  0      0      00000000 3162   ./inc/x86.h
182    EXCL   0      0      000060d4 968    ./inc/types.h
183    EINCL  0      0      00000000 0      
184    EXCL   0      0      000008c7 2725   ./inc/memlayout.h
185    EXCL   0      0      000159c2 956    ./inc/mmu.h
186    BINCL  0      0      00000000 3174   ./inc/assert.h
187    EXCL   0      0      00000000 2901   ./inc/stdio.h
188    EXCL   0      0      00000650 2915   ./inc/stdarg.h
189    EINCL  0      0      00000000 0      
190    FUN    0      0      f01001d1 3189   serial_proc_data:f(0,1)
191    SLINE  0      52     00000000 0      
192    SOL    0      0      f01001d1 3162   ./inc/x86.h
193    SLINE  0      16     00000000 0      
194    SOL    0      0      f01001d7 3147   kern/console.c
195    SLINE  0      53     00000006 0      
196    SOL    0      0      f01001db 3162   ./inc/x86.h
197    SLINE  0      16     0000000a 0      
198    SOL    0      0      f01001e1 3147   kern/console.c
199    SLINE  0      55     00000010 0      
200    SLINE  0      54     00000014 0      
201    SLINE  0      56     00000019 0      
202    FUN    0      0      f01001eb 3213   cons_intr:f(0,25)
203    RSYM   0      0      00000006 3231   proc:P(0,26)=*(0,27)=f(0,1)
204    SLINE  0      397    00000000 0      
205    SLINE  0      400    00000012 0      
206    SLINE  0      400    00000014 0      
207    SLINE  0      401    00000019 0      
208    SLINE  0      403    0000001d 0      
209    SLINE  0      403    00000023 0      
210    SLINE  0      403    00000026 0      
211    SLINE  0      404    0000002d 0      
212    SLINE  0      405    00000033 0      
213    SLINE  0      407    00000043 0      
214    RSYM   0      0      00000000 3259   c:r(0,1)
215    LBRAC  0      0      00000000 0      
216    RBRAC  0      0      00000047 0      
217    FUN    0      0      f0100232 3268   kbd_proc_data:f(0,1)
218    SLINE  0      317    00000000 0      
219    SOL    0      0      f0100242 3162   ./inc/x86.h
220    SLINE  0      16     00000010 0      
221    SOL    0      0      f0100248 3147   kern/console.c
222    SLINE  0      323    00000016 0      
223    SLINE  0      326    0000001e 0      
224    SOL    0      0      f0100258 3162   ./inc/x86.h
225    SLINE  0      16     00000026 0      
226    SOL    0      0      f0100260 3147   kern/console.c
227    SLINE  0      331    0000002e 0      
228    SLINE  0      335    00000032 0      
229    SLINE  0      340    00000036 0      
230    SLINE  0      340    0000003c 0      
231    SLINE  0      342    00000041 0      
232    SLINE  0      343    00000046 0      
233    SLINE  0      346    0000004f 0      
234    SLINE  0      346    0000005a 0      
235    SLINE  0      347    00000060 0      
236    SLINE  0      347    00000068 0      
237    SLINE  0      349    00000070 0      
238    SLINE  0      349    00000075 0      
239    SLINE  0      349    00000080 0      
240    SLINE  0      350    00000083 0      
241    SLINE  0      351    00000087 0      
242    SLINE  0      351    0000008c 0      
243    SLINE  0      352    00000091 0      
244    SLINE  0      333    00000096 0      
245    SLINE  0      334    0000009d 0      
246    SLINE  0      365    000000a2 0      
247    SLINE  0      337    000000ab 0      
248    SLINE  0      337    000000b1 0      
249    SLINE  0      338    000000be 0      
250    SLINE  0      338    000000c1 0      
251    SLINE  0      338    000000cf 0      
252    SLINE  0      338    000000d1 0      
253    SLINE  0      339    000000d9 0      
254    SLINE  0      353    000000e0 0      
255    SLINE  0      354    000000e3 0      
256    SLINE  0      359    000000ec 0      
257    SLINE  0      359    000000ee 0      
258    SLINE  0      360    000000fa 0      
259    SOL    0      0      f010033b 3162   ./inc/x86.h
260    SLINE  0      66     00000109 0      
261    SOL    0      0      f010034b 3147   kern/console.c
262    SLINE  0      324    00000119 0      
263    SLINE  0      327    00000120 0      
264    RSYM   0      0      00000006 3259   c:r(0,1)
265    RSYM   0      0      00000002 3289   data:r(2,5)
266    LCSYM  0      0      f0113060 3301   shift:V(2,9)
267    LBRAC  0      0      00000000 0      
268    RSYM   0      0      00000002 3289   data:r(2,5)
269    LBRAC  0      0      00000026 0      
270    RBRAC  0      0      0000002e 0      
271    RBRAC  0      0      0000012a 0      
272    FUN    0      0      f010035c 3314   cons_putc:f(0,25)
273    RSYM   0      0      00000007 3332   c:P(0,1)
274    SLINE  0      434    00000000 0      
275    SLINE  0      70     00000016 0      
276    SOL    0      0      f0100377 3162   ./inc/x86.h
277    SLINE  0      16     0000001b 0      
278    SOL    0      0      f0100382 3147   kern/console.c
279    SLINE  0      71     00000026 0      
280    SOL    0      0      f010038e 3162   ./inc/x86.h
281    SLINE  0      16     00000032 0      
282    SOL    0      0      f0100394 3147   kern/console.c
283    SLINE  0      72     00000038 0      
284    SLINE  0      75     0000003d 0      
285    SOL    0      0      f010039e 3162   ./inc/x86.h
286    SLINE  0      66     00000042 0      
287    SOL    0      0      f01003a4 3147   kern/console.c
288    SLINE  0      116    00000048 0      
289    SOL    0      0      f01003a9 3162   ./inc/x86.h
290    SLINE  0      16     0000004d 0      
291    SOL    0      0      f01003b4 3147   kern/console.c
292    SLINE  0      116    00000058 0      
293    SOL    0      0      f01003c0 3162   ./inc/x86.h
294    SLINE  0      16     00000064 0      
295    SOL    0      0      f01003c6 3147   kern/console.c
296    SLINE  0      116    0000006a 0      
297    SOL    0      0      f01003cb 3162   ./inc/x86.h
298    SLINE  0      66     0000006f 0      
299    SOL    0      0      f01003e6 3147   kern/console.c
300    SLINE  0      166    0000008a 0      
301    SLINE  0      167    00000092 0      
302    SLINE  0      169    0000009c 0      
303    SLINE  0      169    000000a1 0      
304    SLINE  0      180    000000be 0      
305    SLINE  0      195    000000db 0      
306    SLINE  0      205    000000ea 0      
307    SOL    0      0      f010044c 3162   ./inc/x86.h
308    SLINE  0      66     000000f0 0      
309    SOL    0      0      f0100454 3147   kern/console.c
310    SLINE  0      206    000000f8 0      
311    SLINE  0      206    000000ff 0      
312    SLINE  0      206    00000102 0      
313    SOL    0      0      f0100464 3162   ./inc/x86.h
314    SLINE  0      66     00000108 0      
315    SOL    0      0      f0100474 3147   kern/console.c
316    SLINE  0      438    00000118 0      
317    SLINE  0      169    00000120 0      
318    SLINE  0      171    00000125 0      
319    SLINE  0      171    0000012c 0      
320    SLINE  0      172    00000131 0      
321    SLINE  0      173    0000013b 0      
322    SLINE  0      173    0000013e 0      
323    SLINE  0      173    00000142 0      
324    SLINE  0      177    00000151 0      
325    SLINE  0      183    0000015e 0      
326    SLINE  0      184    00000168 0      
327    SLINE  0      185    00000172 0      
328    SLINE  0      186    0000017c 0      
329    SLINE  0      187    00000186 0      
330    SLINE  0      190    00000195 0      
331    SLINE  0      190    000001a9 0      
332    SLINE  0      198    000001b8 0      
333    SLINE  0      198    000001c6 0      
334    SLINE  0      198    000001cc 0      
335    SLINE  0      200    000001d3 0      
336    SLINE  0      200    000001e8 0      
337    SLINE  0      199    000001f0 0      
338    SLINE  0      201    000001f4 0      
339    RSYM   0      0      00000006 3341   i:r(0,1)
340    LBRAC  0      0      00000016 0      
341    RBRAC  0      0      00000048 0      
342    RSYM   0      0      00000006 3341   i:r(0,1)
343    LBRAC  0      0      00000048 0      
344    RBRAC  0      0      0000008a 0      
345    RSYM   0      0      00000007 3259   c:r(0,1)
346    LBRAC  0      0      0000008a 0      
347    RBRAC  0      0      00000118 0      
348    RSYM   0      0      00000007 3259   c:r(0,1)
349    LBRAC  0      0      00000120 0      
350    RBRAC  0      0      00000201 0      
351    FUN    0      0      f010055d 3350   serial_intr:F(0,25)
352    SLINE  0      60     00000000 0      
353    SLINE  0      61     0000000a 0      
354    SLINE  0      60     00000014 0      
355    SLINE  0      62     0000001a 0      
356    SLINE  0      63     00000025 0      
357    FUN    0      0      f0100584 3370   kbd_intr:F(0,25)
358    SLINE  0      369    00000000 0      
359    SLINE  0      370    00000010 0      
360    SLINE  0      371    0000001b 0      
361    FUN    0      0      f01005a1 3387   cons_getc:F(0,1)
362    SLINE  0      412    00000000 0      
363    SLINE  0      418    00000012 0      
364    SLINE  0      419    00000017 0      
365    SLINE  0      422    0000001c 0      
366    SLINE  0      428    00000022 0      
367    SLINE  0      422    00000027 0      
368    SLINE  0      423    0000002f 0      
369    SLINE  0      423    00000032 0      
370    SLINE  0      424    0000003a 0      
371    SLINE  0      425    00000040 0      
372    SLINE  0      429    0000004e 0      
373    RSYM   0      0      00000000 3259   c:r(0,1)
374    LBRAC  0      0      00000000 0      
375    RBRAC  0      0      00000054 0      
376    FUN    0      0      f01005f5 3404   cons_init:F(0,25)
377    SLINE  0      443    00000000 0      
378    SLINE  0      140    00000014 0      
379    SLINE  0      141    0000001b 0      
380    SLINE  0      142    00000024 0      
381    SLINE  0      142    0000002b 0      
382    SLINE  0      144    00000035 0      
383    SLINE  0      143    0000003f 0      
384    SLINE  0      151    00000046 0      
385    SOL    0      0      f0100641 3162   ./inc/x86.h
386    SLINE  0      66     0000004c 0      
387    SOL    0      0      f0100649 3147   kern/console.c
388    SLINE  0      152    00000054 0      
389    SOL    0      0      f010064c 3162   ./inc/x86.h
390    SLINE  0      16     00000057 0      
391    SOL    0      0      f010064f 3147   kern/console.c
392    SLINE  0      152    0000005a 0      
393    SLINE  0      152    0000005d 0      
394    SOL    0      0      f0100655 3162   ./inc/x86.h
395    SLINE  0      66     00000060 0      
396    SLINE  0      16     00000068 0      
397    SOL    0      0      f0100660 3147   kern/console.c
398    SLINE  0      156    0000006b 0      
399    SLINE  0      154    00000074 0      
400    SLINE  0      154    00000077 0      
401    SLINE  0      157    00000079 0      
402    SOL    0      0      f0100675 3162   ./inc/x86.h
403    SLINE  0      66     00000080 0      
404    SLINE  0      16     000000c7 0      
405    SOL    0      0      f01006c4 3147   kern/console.c
406    SLINE  0      99     000000cf 0      
407    SLINE  0      99     000000d1 0      
408    SOL    0      0      f01006cd 3162   ./inc/x86.h
409    SLINE  0      16     000000d8 0      
410    SOL    0      0      f01006d9 3147   kern/console.c
411    SLINE  0      448    000000e4 0      
412    SLINE  0      450    000000e9 0      
413    SLINE  0      146    000000f1 0      
414    SLINE  0      147    000000f8 0      
415    SLINE  0      139    00000102 0      
416    SLINE  0      449    0000010e 0      
417    SLINE  0      450    00000120 0      
418    RSYM   0      0      00000002 3422   was:r(2,7)
419    LBRAC  0      0      00000014 0      
420    RBRAC  0      0      00000080 0      
421    RSYM   0      0      00000002 3422   was:r(2,7)
422    LBRAC  0      0      000000f1 0      
423    RBRAC  0      0      0000010e 0      
424    FUN    0      0      f0100717 3433   cputchar:F(0,25)
425    PSYM   0      0      00000008 3450   c:p(0,1)
426    SLINE  0      457    00000000 0      
427    SLINE  0      458    00000006 0      
428    SLINE  0      459    0000000e 0      
429    FUN    0      0      f0100727 3459   getchar:F(0,1)
430    SLINE  0      463    00000000 0      
431    SLINE  0      466    00000006 0      
432    SLINE  0      466    0000000b 0      
433    SLINE  0      469    0000000f 0      
434    RSYM   0      0      00000000 3259   c:r(0,1)
435    LBRAC  0      0      00000000 0      
436    RBRAC  0      0      00000011 0      
437    FUN    0      0      f0100738 3474   iscons:F(0,1)
438    PSYM   0      0      00000008 3488   fdnum:p(0,1)
439    SLINE  0      473    00000000 0      
440    SLINE  0      476    00000000 0      
441    LCSYM  0      0      f0113060 3301   shift:V(2,9)
442    LCSYM  0      0      f0113080 3501   cons:S(0,28)=s520buf:(0,29)=ar(0,30)=r(0,30);0;4294967295;;0;511;(2,5),0,4096;rpos:(2,9),4096,32;wpos:(2,9),4128,32;;
443    STSYM  0      0      f0113000 3619   charcode:S(0,31)=ar(0,30);0;3;(0,32)=*(2,5)
444    STSYM  0      0      f0111000 3663   ctlmap:S(0,33)=ar(0,30);0;255;(2,5)
445    STSYM  0      0      f0111100 3699   shiftmap:S(0,33)
446    STSYM  0      0      f0111200 3716   normalmap:S(0,33)
447    STSYM  0      0      f0101b40 3734   togglecode:S(0,33)
448    STSYM  0      0      f0101c40 3753   shiftcode:S(0,33)
449    LCSYM  0      0      f0113288 3771   crt_pos:S(2,7)
450    LCSYM  0      0      f011328c 3786   crt_buf:S(0,34)=*(2,7)
451    LCSYM  0      0      f0113290 3809   addr_6845:S(0,4)
452    LCSYM  0      0      f0113294 3826   serial_exists:S(2,1)
453    SO     0      0      f010073e 0      
454    SO     0      2      f0100742 3847   kern/monitor.c
455    OPT    0      0      00000000 49     gcc2_compiled.
456    LSYM   0      0      00000000 64     int:t(0,1)=r(0,1);-2147483648;2147483647;
457    LSYM   0      0      00000000 106    char:t(0,2)=r(0,2);0;127;
458    LSYM   0      0      00000000 132    long int:t(0,3)=r(0,3);-2147483648;2147483647;
459    LSYM   0      0      00000000 179    unsigned int:t(0,4)=r(0,4);0;4294967295;
460    LSYM   0      0      00000000 220    long unsigned int:t(0,5)=r(0,5);0;4294967295;
461    LSYM   0      0      00000000 266    __int128:t(0,6)=r(0,6);0;-1;
462    LSYM   0      0      00000000 295    __int128 unsigned:t(0,7)=r(0,7);0;-1;
463    LSYM   0      0      00000000 333    long long int:t(0,8)=r(0,8);-9223372036854775808;9223372036854775807;
464    LSYM   0      0      00000000 403    long long unsigned int:t(0,9)=r(0,9);0;-1;
465    LSYM   0      0      00000000 446    short int:t(0,10)=r(0,10);-32768;32767;
466    LSYM   0      0      00000000 486    short unsigned int:t(0,11)=r(0,11);0;65535;
467    LSYM   0      0      00000000 530    signed char:t(0,12)=r(0,12);-128;127;
468    LSYM   0      0      00000000 568    unsigned char:t(0,13)=r(0,13);0;255;
469    LSYM   0      0      00000000 605    float:t(0,14)=r(0,1);4;0;
470    LSYM   0      0      00000000 631    double:t(0,15)=r(0,1);8;0;
471    LSYM   0      0      00000000 658    long double:t(0,16)=r(0,1);12;0;
472    LSYM   0      0      00000000 691    _Float32:t(0,17)=r(0,1);4;0;
473    LSYM   0      0      00000000 720    _Float64:t(0,18)=r(0,1);8;0;
474    LSYM   0      0      00000000 749    _Float128:t(0,19)=r(0,1);16;0;
475    LSYM   0      0      00000000 780    _Float32x:t(0,20)=r(0,1);8;0;
476    LSYM   0      0      00000000 810    _Float64x:t(0,21)=r(0,1);12;0;
477    LSYM   0      0      00000000 841    _Decimal32:t(0,22)=r(0,1);4;0;
478    LSYM   0      0      00000000 872    _Decimal64:t(0,23)=r(0,1);8;0;
479    LSYM   0      0      00000000 903    _Decimal128:t(0,24)=r(0,1);16;0;
480    LSYM   0      0      00000000 936    void:t(0,25)=(0,25)
481    EXCL   0      0      00000000 2901   ./inc/stdio.h
482    EXCL   0      0      00000650 2915   ./inc/stdarg.h
483    EXCL   0      0      00000000 2958   ./inc/string.h
484    EXCL   0      0      000060d4 968    ./inc/types.h
485    EXCL   0      0      000008c7 2725   ./inc/memlayout.h
486    EXCL   0      0      000159c2 956    ./inc/mmu.h
487    BINCL  0      0      0000300f 3862   ./kern/kdebug.h
488    LSYM   0      0      00000000 3878   Eipdebuginfo:T(7,1)=s24eip_file:(7,2)=*(0,2),0,32;eip_line:(0,1),32,32;eip_fn_name:(7,2),64,32;eip_fn_namelen:(0,1),96,32;eip_fn_addr:(4,13),128,32;eip_fn_narg:(0,1),160,32;;
489    EINCL  0      0      00000000 0      
490    LSYM   0      0      00000000 4053   Command:T(0,26)=s12name:(7,2),0,32;desc:(7,2),32,32;func:(0,27)=*(0,28)=f(0,1),64,32;;
491    FUN    0      0      f0100742 4140   mon_help:F(0,1)
492    PSYM   0      0      00000008 4156   argc:p(0,1)
493    PSYM   0      0      0000000c 4168   argv:p(0,29)=*(2,2)
494    PSYM   0      0      00000010 4188   tf:p(0,30)=*(0,31)=xsTrapframe:
495    SLINE  0      33     00000000 0      
496    SLINE  0      37     00000010 0      
497    SLINE  0      39     00000044 0      
498    FUN    0      0      f0100792 4220   mon_kerninfo:F(0,1)
499    PSYM   0      0      00000008 4156   argc:p(0,1)
500    PSYM   0      0      0000000c 4240   argv:p(0,29)
501    PSYM   0      0      00000010 4253   tf:p(0,30)
502    SLINE  0      43     00000000 0      
503    SLINE  0      46     00000014 0      
504    SLINE  0      47     00000020 0      
505    SLINE  0      48     00000035 0      
506    SLINE  0      49     00000052 0      
507    SLINE  0      50     0000006f 0      
508    SLINE  0      51     0000008c 0      
509    SLINE  0      52     000000a9 0      
510    SLINE  0      53     000000ac 0      
511    SLINE  0      52     000000b4 0      
512    SLINE  0      55     000000c4 0      
513    FUN    0      0      f0100863 4264   mon_backtrace:F(0,1)
514    PSYM   0      0      00000008 4156   argc:p(0,1)
515    PSYM   0      0      0000000c 4240   argv:p(0,29)
516    PSYM   0      0      00000010 4253   tf:p(0,30)
517    SLINE  0      59     00000000 0      
518    SOL    0      0      f0100877 3162   ./inc/x86.h
519    SLINE  0      214    00000014 0      
520    SOL    0      0      f0100879 3847   kern/monitor.c
521    SLINE  0      62     00000016 0      
522    SLINE  0      63     00000018 0      
523    SLINE  0      65     00000025 0      
524    SLINE  0      66     00000028 0      
525    SLINE  0      65     0000002e 0      
526    SLINE  0      66     00000032 0      
527    SLINE  0      68     0000004b 0      
528    SLINE  0      68     0000004d 0      
529    SLINE  0      70     00000052 0      
530    SLINE  0      72     00000061 0      
531    RSYM   0      0      00000006 4285   ebp:r(0,32)=*(4,9)
532    LBRAC  0      0      00000000 0      
533    RBRAC  0      0      0000006e 0      
534    FUN    0      0      f01008d1 4304   monitor:F(0,25)
535    PSYM   0      0      00000008 4253   tf:p(0,30)
536    SLINE  0      122    00000000 0      
537    SLINE  0      125    00000014 0      
538    SLINE  0      126    00000020 0      
539    SLINE  0      93     00000031 0      
540    SLINE  0      93     0000004e 0      
541    SLINE  0      94     00000055 0      
542    SLINE  0      94     0000005b 0      
543    SLINE  0      93     00000061 0      
544    SLINE  0      93     00000064 0      
545    SLINE  0      107    00000068 0      
546    SLINE  0      110    00000070 0      
547    SLINE  0      113    00000078 0      
548    SLINE  0      113    0000008a 0      
549    SLINE  0      113    00000095 0      
550    SLINE  0      113    000000a7 0      
551    SLINE  0      116    000000b2 0      
552    SLINE  0      95     000000c9 0      
553    SLINE  0      99     000000ce 0      
554    SLINE  0      103    000000d3 0      
555    SLINE  0      103    000000d9 0      
556    SLINE  0      104    000000dd 0      
557    SLINE  0      104    000000e0 0      
558    SLINE  0      104    000000e8 0      
559    SLINE  0      104    000000f7 0      
560    SLINE  0      105    00000102 0      
561    SLINE  0      100    00000107 0      
562    SLINE  0      130    0000011b 0      
563    SLINE  0      131    0000012c 0      
564    SLINE  0      90     00000133 0      
565    SLINE  0      89     0000013a 0      
566    SLINE  0      112    00000144 0      
567    SLINE  0      114    00000149 0      
568    SLINE  0      114    0000014c 0      
569    SLINE  0      114    0000014f 0      
570    SLINE  0      132    0000015e 0      
571    SLINE  0      135    00000165 0      
572    RSYM   0      0      00000006 4320   buf:r(2,2)
573    LBRAC  0      0      00000000 0      
574    LSYM   0      0      ffffffb8 4331   argv:(0,33)=ar(0,34)=r(0,34);0;4294967295;;0;15;(2,2)
575    RSYM   0      0      00000000 3341   i:r(0,1)
576    LBRAC  0      0      00000031 0      
577    RBRAC  0      0      0000011b 0      
578    LSYM   0      0      ffffffb8 4385   argv:(0,33)
579    RSYM   0      0      00000000 3341   i:r(0,1)
580    LBRAC  0      0      00000133 0      
581    RBRAC  0      0      0000015e 0      
582    RBRAC  0      0      0000016d 0      
583    STSYM  0      0      f0113010 4397   commands:S(0,35)=ar(0,34);0;1;(0,26)
584    SO     0      0      f0100a3e 0      
585    SO     0      2      f0100a3e 4434   kern/printf.c
586    OPT    0      0      00000000 49     gcc2_compiled.
587    LSYM   0      0      00000000 64     int:t(0,1)=r(0,1);-2147483648;2147483647;
588    LSYM   0      0      00000000 106    char:t(0,2)=r(0,2);0;127;
589    LSYM   0      0      00000000 132    long int:t(0,3)=r(0,3);-2147483648;2147483647;
590    LSYM   0      0      00000000 179    unsigned int:t(0,4)=r(0,4);0;4294967295;
591    LSYM   0      0      00000000 220    long unsigned int:t(0,5)=r(0,5);0;4294967295;
592    LSYM   0      0      00000000 266    __int128:t(0,6)=r(0,6);0;-1;
593    LSYM   0      0      00000000 295    __int128 unsigned:t(0,7)=r(0,7);0;-1;
594    LSYM   0      0      00000000 333    long long int:t(0,8)=r(0,8);-9223372036854775808;9223372036854775807;
595    LSYM   0      0      00000000 403    long long unsigned int:t(0,9)=r(0,9);0;-1;
596    LSYM   0      0      00000000 446    short int:t(0,10)=r(0,10);-32768;32767;
597    LSYM   0      0      00000000 486    short unsigned int:t(0,11)=r(0,11);0;65535;
598    LSYM   0      0      00000000 530    signed char:t(0,12)=r(0,12);-128;127;
599    LSYM   0      0      00000000 568    unsigned char:t(0,13)=r(0,13);0;255;
600    LSYM   0      0      00000000 605    float:t(0,14)=r(0,1);4;0;
601    LSYM   0      0      00000000 631    double:t(0,15)=r(0,1);8;0;
602    LSYM   0      0      00000000 658    long double:t(0,16)=r(0,1);12;0;
603    LSYM   0      0      00000000 691    _Float32:t(0,17)=r(0,1);4;0;
604    LSYM   0      0      00000000 720    _Float64:t(0,18)=r(0,1);8;0;
605    LSYM   0      0      00000000 749    _Float128:t(0,19)=r(0,1);16;0;
606    LSYM   0      0      00000000 780    _Float32x:t(0,20)=r(0,1);8;0;
607    LSYM   0      0      00000000 810    _Float64x:t(0,21)=r(0,1);12;0;
608    LSYM   0      0      00000000 841    _Decimal32:t(0,22)=r(0,1);4;0;
609    LSYM   0      0      00000000 872    _Decimal64:t(0,23)=r(0,1);8;0;
610    LSYM   0      0      00000000 903    _Decimal128:t(0,24)=r(0,1);16;0;
611    LSYM   0      0      00000000 936    void:t(0,25)=(0,25)
612    EXCL   0      0      000060d4 968    ./inc/types.h
613    EXCL   0      0      00000000 2901   ./inc/stdio.h
614    EXCL   0      0      00000650 2915   ./inc/stdarg.h
615    FUN    0      0      f0100a3e 4448   putch:f(0,25)
616    PSYM   0      0      00000008 4462   ch:p(0,1)
617    PSYM   0      0      0000000c 4472   cnt:p(0,26)=*(0,1)
618    SLINE  0      11     00000000 0      
619    SLINE  0      12     00000012 0      
620    SLINE  0      14     0000001a 0      
621    FUN    0      0      f0100a60 4491   vcprintf:F(0,1)
622    PSYM   0      0      00000008 4507   fmt:p(0,27)=*(0,2)
623    PSYM   0      0      0000000c 4526   ap:p(3,1)
624    SLINE  0      18     00000000 0      
625    SLINE  0      19     00000012 0      
626    SLINE  0      21     00000019 0      
627    SLINE  0      23     0000002f 0      
628    LSYM   0      0      fffffff4 4536   cnt:(0,1)
629    LBRAC  0      0      00000000 0      
630    RBRAC  0      0      00000037 0      
631    FUN    0      0      f0100a97 4546   cprintf:F(0,1)
632    PSYM   0      0      00000008 4561   fmt:p(0,27)
633    SLINE  0      27     00000000 0      
634    SLINE  0      31     00000006 0      
635    SLINE  0      32     00000009 0      
636    SLINE  0      36     00000012 0      
637    RSYM   0      0      00000000 4573   cnt:r(0,1)
638    LBRAC  0      0      00000000 0      
639    RBRAC  0      0      00000014 0      
640    SO     0      0      f0100aab 0      
641    SO     0      2      f0100aab 4584   kern/kdebug.c
642    OPT    0      0      00000000 49     gcc2_compiled.
643    LSYM   0      0      00000000 64     int:t(0,1)=r(0,1);-2147483648;2147483647;
644    LSYM   0      0      00000000 106    char:t(0,2)=r(0,2);0;127;
645    LSYM   0      0      00000000 132    long int:t(0,3)=r(0,3);-2147483648;2147483647;
646    LSYM   0      0      00000000 179    unsigned int:t(0,4)=r(0,4);0;4294967295;
647    LSYM   0      0      00000000 220    long unsigned int:t(0,5)=r(0,5);0;4294967295;
648    LSYM   0      0      00000000 266    __int128:t(0,6)=r(0,6);0;-1;
649    LSYM   0      0      00000000 295    __int128 unsigned:t(0,7)=r(0,7);0;-1;
650    LSYM   0      0      00000000 333    long long int:t(0,8)=r(0,8);-9223372036854775808;9223372036854775807;
651    LSYM   0      0      00000000 403    long long unsigned int:t(0,9)=r(0,9);0;-1;
652    LSYM   0      0      00000000 446    short int:t(0,10)=r(0,10);-32768;32767;
653    LSYM   0      0      00000000 486    short unsigned int:t(0,11)=r(0,11);0;65535;
654    LSYM   0      0      00000000 530    signed char:t(0,12)=r(0,12);-128;127;
655    LSYM   0      0      00000000 568    unsigned char:t(0,13)=r(0,13);0;255;
656    LSYM   0      0      00000000 605    float:t(0,14)=r(0,1);4;0;
657    LSYM   0      0      00000000 631    double:t(0,15)=r(0,1);8;0;
658    LSYM   0      0      00000000 658    long double:t(0,16)=r(0,1);12;0;
659    LSYM   0      0      00000000 691    _Float32:t(0,17)=r(0,1);4;0;
660    LSYM   0      0      00000000 720    _Float64:t(0,18)=r(0,1);8;0;
661    LSYM   0      0      00000000 749    _Float128:t(0,19)=r(0,1);16;0;
662    LSYM   0      0      00000000 780    _Float32x:t(0,20)=r(0,1);8;0;
663    LSYM   0      0      00000000 810    _Float64x:t(0,21)=r(0,1);12;0;
664    LSYM   0      0      00000000 841    _Decimal32:t(0,22)=r(0,1);4;0;
665    LSYM   0      0      00000000 872    _Decimal64:t(0,23)=r(0,1);8;0;
666    LSYM   0      0      00000000 903    _Decimal128:t(0,24)=r(0,1);16;0;
667    LSYM   0      0      00000000 936    void:t(0,25)=(0,25)
668    BINCL  0      0      00001ca6 4598   ./inc/stab.h
669    EXCL   0      0      000060d4 968    ./inc/types.h
670    LSYM   0      0      00000000 4611   Stab:T(1,1)=s12n_strx:(2,9),0,32;n_type:(2,5),32,8;n_other:(2,5),40,8;n_desc:(2,7),48,16;n_value:(2,13),64,32;;
671    EINCL  0      0      00000000 0      
672    EXCL   0      0      000008c7 2725   ./inc/memlayout.h
673    EXCL   0      0      000159c2 956    ./inc/mmu.h
674    EXCL   0      0      00000000 3174   ./inc/assert.h
675    EXCL   0      0      00000000 2901   ./inc/stdio.h
676    EXCL   0      0      00000650 2915   ./inc/stdarg.h
677    EXCL   0      0      0000300f 3862   ./kern/kdebug.h
678    FUN    0      0      f0100aab 4723   stab_binsearch:f(0,25)
679    RSYM   0      0      00000000 4746   stabs:P(0,26)=*(1,1)
680    RSYM   0      0      00000002 4767   region_left:P(0,27)=*(0,1)
681    RSYM   0      0      00000001 4794   region_right:P(0,27)
682    PSYM   0      0      00000008 4815   type:p(0,1)
683    PSYM   0      0      0000000c 4827   addr:p(2,13)
684    SLINE  0      53     00000000 0      
685    SLINE  0      54     00000015 0      
686    SLINE  0      54     00000017 0      
687    SLINE  0      54     0000001c 0      
688    SLINE  0      56     00000023 0      
689    SLINE  0      63     00000025 0      
690    SLINE  0      64     00000028 0      
691    SLINE  0      69     0000002a 0      
692    SLINE  0      69     00000034 0      
693    SLINE  0      70     00000039 0      
694    SLINE  0      71     0000003e 0      
695    SLINE  0      68     00000041 0      
696    SLINE  0      56     00000048 0      
697    SLINE  0      57     0000004d 0      
698    SLINE  0      57     00000052 0      
699    SLINE  0      57     00000065 0      
700    SLINE  0      60     00000067 0      
701    SLINE  0      60     0000006b 0      
702    SLINE  0      60     00000071 0      
703    SLINE  0      61     00000075 0      
704    SLINE  0      72     0000007a 0      
705    SLINE  0      73     0000007f 0      
706    SLINE  0      73     00000085 0      
707    SLINE  0      68     0000008a 0      
708    SLINE  0      78     00000093 0      
709    SLINE  0      80     00000098 0      
710    SLINE  0      68     0000009e 0      
711    SLINE  0      84     000000a7 0      
712    SLINE  0      85     000000ad 0      
713    SLINE  0      85     000000b5 0      
714    SLINE  0      94     000000ba 0      
715    SLINE  0      88     000000c2 0      
716    SLINE  0      89     000000c7 0      
717    SLINE  0      88     000000d6 0      
718    SLINE  0      90     000000d8 0      
719    SLINE  0      88     000000db 0      
720    SLINE  0      89     000000df 0      
721    SLINE  0      89     000000e5 0      
722    SLINE  0      92     000000e9 0      
723    SLINE  0      94     000000ee 0      
724    RSYM   0      0      00000006 4840   type:r(0,1)
725    RSYM   0      0      00000000 4852   m:r(0,1)
726    LBRAC  0      0      00000025 0      
727    RBRAC  0      0      00000048 0      
728    RSYM   0      0      00000000 4852   m:r(0,1)
729    LBRAC  0      0      0000004d 0      
730    RBRAC  0      0      000000a7 0      
731    FUN    0      0      f0100b9b 4861   debuginfo_eip:F(0,1)
732    PSYM   0      0      00000008 4827   addr:p(2,13)
733    PSYM   0      0      0000000c 4882   info:p(0,28)=*(8,1)
734    SLINE  0      106    00000000 0      
735    SLINE  0      112    0000001d 0      
736    SLINE  0      113    00000025 0      
737    SLINE  0      114    0000002c 0      
738    SLINE  0      115    0000002f 0      
739    SLINE  0      116    00000036 0      
740    SLINE  0      117    00000039 0      
741    SLINE  0      120    00000040 0      
742    SLINE  0      131    0000004c 0      
743    SLINE  0      131    0000005e 0      
744    SLINE  0      131    00000067 0      
745    SLINE  0      140    00000071 0      
746    SLINE  0      141    00000078 0      
747    SLINE  0      141    0000008f 0      
748    SLINE  0      142    00000095 0      
749    SLINE  0      143    000000a6 0      
750    SLINE  0      143    000000a9 0      
751    SLINE  0      148    000000b4 0      
752    SLINE  0      149    000000b7 0      
753    SLINE  0      150    000000bd 0      
754    SLINE  0      152    000000d7 0      
755    SLINE  0      152    000000da 0      
756    SLINE  0      155    000000e2 0      
757    SLINE  0      155    000000f1 0      
758    SLINE  0      155    000000f3 0      
759    SLINE  0      155    000000ff 0      
760    SLINE  0      156    00000103 0      
761    SLINE  0      157    0000010c 0      
762    SLINE  0      157    0000010f 0      
763    SLINE  0      170    00000112 0      
764    SLINE  0      170    00000122 0      
765    SLINE  0      170    00000125 0      
766    SLINE  0      189    00000128 0      
767    SLINE  0      189    0000013b 0      
768    SLINE  0      127    00000140 0      
769    SLINE  0      165    0000015b 0      
770    SLINE  0      166    0000015e 0      
771    SLINE  0      192    00000163 0      
772    SLINE  0      189    00000169 0      
773    SLINE  0      190    0000016d 0      
774    SLINE  0      190    00000170 0      
775    SLINE  0      191    00000175 0      
776    SLINE  0      191    0000017a 0      
777    SLINE  0      193    00000180 0      
778    SLINE  0      193    0000018f 0      
779    SLINE  0      193    0000019b 0      
780    SLINE  0      194    0000019f 0      
781    SLINE  0      199    000001a7 0      
782    SLINE  0      205    000001ad 0      
783    SLINE  0      199    000001b2 0      
784    SLINE  0      200    000001b6 0      
785    SLINE  0      200    000001c9 0      
786    SLINE  0      203    000001cb 0      
787    SLINE  0      202    000001cf 0      
788    SLINE  0      200    000001d2 0      
789    SLINE  0      201    000001d9 0      
790    SLINE  0      205    000001df 0      
791    SLINE  0      132    000001e6 0      
792    SLINE  0      144    000001f4 0      
793    SLINE  0      205    000001fb 0      
794    SLINE  0      206    00000200 0      
795    LSYM   0      0      fffffff4 4902   lfile:(0,1)
796    LSYM   0      0      fffffff0 4914   rfile:(0,1)
797    LSYM   0      0      ffffffec 4926   lfun:(0,1)
798    LSYM   0      0      ffffffe8 4937   rfun:(0,1)
799    RSYM   0      0      00000003 4948   addr:r(2,13)
800    RSYM   0      0      00000007 4961   info:r(0,28)
801    LBRAC  0      0      00000000 0      
802    RBRAC  0      0      00000208 0      
803    SO     0      0      f0100da3 0      
804    SO     0      2      f0100da7 4974   lib/printfmt.c
805    OPT    0      0      00000000 49     gcc2_compiled.
806    LSYM   0      0      00000000 64     int:t(0,1)=r(0,1);-2147483648;2147483647;
807    LSYM   0      0      00000000 106    char:t(0,2)=r(0,2);0;127;
808    LSYM   0      0      00000000 132    long int:t(0,3)=r(0,3);-2147483648;2147483647;
809    LSYM   0      0      00000000 179    unsigned int:t(0,4)=r(0,4);0;4294967295;
810    LSYM   0      0      00000000 220    long unsigned int:t(0,5)=r(0,5);0;4294967295;
811    LSYM   0      0      00000000 266    __int128:t(0,6)=r(0,6);0;-1;
812    LSYM   0      0      00000000 295    __int128 unsigned:t(0,7)=r(0,7);0;-1;
813    LSYM   0      0      00000000 333    long long int:t(0,8)=r(0,8);-9223372036854775808;9223372036854775807;
814    LSYM   0      0      00000000 403    long long unsigned int:t(0,9)=r(0,9);0;-1;
815    LSYM   0      0      00000000 446    short int:t(0,10)=r(0,10);-32768;32767;
816    LSYM   0      0      00000000 486    short unsigned int:t(0,11)=r(0,11);0;65535;
817    LSYM   0      0      00000000 530    signed char:t(0,12)=r(0,12);-128;127;
818    LSYM   0      0      00000000 568    unsigned char:t(0,13)=r(0,13);0;255;
819    LSYM   0      0      00000000 605    float:t(0,14)=r(0,1);4;0;
820    LSYM   0      0      00000000 631    double:t(0,15)=r(0,1);8;0;
821    LSYM   0      0      00000000 658    long double:t(0,16)=r(0,1);12;0;
822    LSYM   0      0      00000000 691    _Float32:t(0,17)=r(0,1);4;0;
823    LSYM   0      0      00000000 720    _Float64:t(0,18)=r(0,1);8;0;
824    LSYM   0      0      00000000 749    _Float128:t(0,19)=r(0,1);16;0;
825    LSYM   0      0      00000000 780    _Float32x:t(0,20)=r(0,1);8;0;
826    LSYM   0      0      00000000 810    _Float64x:t(0,21)=r(0,1);12;0;
827    LSYM   0      0      00000000 841    _Decimal32:t(0,22)=r(0,1);4;0;
828    LSYM   0      0      00000000 872    _Decimal64:t(0,23)=r(0,1);8;0;
829    LSYM   0      0      00000000 903    _Decimal128:t(0,24)=r(0,1);16;0;
830    LSYM   0      0      00000000 936    void:t(0,25)=(0,25)
831    EXCL   0      0      000060d4 968    ./inc/types.h
832    EXCL   0      0      00000000 2901   ./inc/stdio.h
833    EXCL   0      0      00000650 2915   ./inc/stdarg.h
834    BINCL  0      0      00001a2c 4989   ./inc/error.h
835    LSYM   0      0      00000000 5003    :T(4,1)=eE_UNSPECIFIED:1,E_BAD_ENV:2,E_INVAL:3,E_NO_MEM:4,E_NO_FREE_ENV:5,E_FAULT:6,MAXERROR:7,;
836    EINCL  0      0      00000000 0      
837    LSYM   0      0      00000000 5101   sprintbuf:T(0,26)=s12buf:(3,2),0,32;ebuf:(3,2),32,32;cnt:(0,1),64,32;;
838    FUN    0      0      f0100da7 5172   printnum:f(0,25)
839    RSYM   0      0      00000007 5189   putch:P(0,27)=*(0,28)=f(0,25)
840    RSYM   0      0      00000006 5219   putdat:P(0,29)=*(0,25)
841    PSYM   0      0      00000008 5242   num:p(0,9)
842    PSYM   0      0      00000010 5253   base:p(0,4)
843    PSYM   0      0      00000014 5265   width:p(0,1)
844    PSYM   0      0      00000018 5278   padc:p(0,1)
845    SLINE  0      38     00000000 0      
846    SLINE  0      41     00000031 0      
847    SLINE  0      41     0000003b 0      
848    SLINE  0      45     00000044 0      
849    SLINE  0      46     0000004b 0      
850    SLINE  0      42     00000059 0      
851    SLINE  0      52     0000008c 0      
852    SLINE  0      50     00000090 0      
853    SLINE  0      52     000000ac 0      
854    SLINE  0      53     000000b7 0      
855    RSYM   0      0      00000000 5290   base:r(0,4)
856    RSYM   0      0      00000003 5302   width:r(0,1)
857    FUN    0      0      f0100e69 5315   sprintputch:f(0,25)
858    PSYM   0      0      00000008 4462   ch:p(0,1)
859    PSYM   0      0      0000000c 5335   b:p(0,30)=*(0,26)
860    SLINE  0      268    00000000 0      
861    SLINE  0      269    00000006 0      
862    SLINE  0      270    0000000a 0      
863    SLINE  0      270    0000000c 0      
864    SLINE  0      271    00000011 0      
865    SLINE  0      271    00000016 0      
866    SLINE  0      272    0000001b 0      
867    RSYM   0      0      00000000 5353   ch:r(0,1)
868    RSYM   0      0      00000000 5363   b:r(0,30)
869    FUN    0      0      f0100e86 5373   printfmt:F(0,25)
870    PSYM   0      0      00000008 5390   putch:p(0,27)
871    PSYM   0      0      0000000c 5404   putdat:p(0,29)
872    PSYM   0      0      00000010 5419   fmt:p(0,31)=*(0,2)
873    SLINE  0      252    00000000 0      
874    SLINE  0      255    00000006 0      
875    SLINE  0      256    00000009 0      
876    SLINE  0      258    00000018 0      
877    FUN    0      0      f0100ea3 5438   vprintfmt:F(0,25)
878    PSYM   0      0      00000008 5390   putch:p(0,27)
879    PSYM   0      0      0000000c 5404   putdat:p(0,29)
880    PSYM   0      0      00000010 5456   fmt:p(0,31)
881    PSYM   0      0      00000014 4526   ap:p(3,1)
882    SLINE  0      87     00000000 0      
883    SLINE  0      98     00000021 0      
884    SLINE  0      95     0000002b 0      
885    SLINE  0      95     0000002e 0      
886    SLINE  0      95     00000032 0      
887    SLINE  0      96     00000037 0      
888    SLINE  0      248    0000003b 0      
889    SLINE  0      102    00000043 0      
890    SLINE  0      106    00000047 0      
891    SLINE  0      104    0000004e 0      
892    SLINE  0      103    00000055 0      
893    SLINE  0      105    0000005c 0      
894    SLINE  0      108    00000067 0      
895    SLINE  0      108    0000006d 0      
896    SLINE  0      108    00000070 0      
897    SLINE  0      108    0000008c 0      
898    SLINE  0      112    0000008f 0      
899    SLINE  0      108    00000095 0      
900    SLINE  0      117    00000098 0      
901    SLINE  0      108    0000009e 0      
902    SLINE  0      108    000000a1 0      
903    SLINE  0      130    000000a4 0      
904    SLINE  0      131    000000ac 0      
905    SLINE  0      131    000000af 0      
906    SLINE  0      132    000000b3 0      
907    SLINE  0      133    000000b6 0      
908    SLINE  0      133    000000b9 0      
909    SLINE  0      130    000000be 0      
910    SLINE  0      131    000000c1 0      
911    SLINE  0      139    000000c3 0      
912    SLINE  0      108    000000d4 0      
913    SLINE  0      152    000000d7 0      
914    SLINE  0      153    000000dd 0      
915    SLINE  0      153    000000e3 0      
916    SLINE  0      108    000000ff 0      
917    SLINE  0      148    0000010a 0      
918    SLINE  0      149    00000111 0      
919    SLINE  0      158    0000011e 0      
920    SLINE  0      108    00000122 0      
921    SLINE  0      159    00000125 0      
922    SLINE  0      163    0000012d 0      
923    SLINE  0      164    0000013b 0      
924    SLINE  0      163    0000013e 0      
925    SLINE  0      164    00000141 0      
926    SLINE  0      168    00000149 0      
927    SLINE  0      171    00000156 0      
928    SLINE  0      171    0000015b 0      
929    SLINE  0      171    00000165 0      
930    SLINE  0      174    00000169 0      
931    SLINE  0      168    0000017e 0      
932    SLINE  0      172    00000186 0      
933    SLINE  0      168    0000019b 0      
934    SLINE  0      172    0000019e 0      
935    SLINE  0      179    000001a6 0      
936    SLINE  0      180    000001b4 0      
937    SLINE  0      181    000001c5 0      
938    SLINE  0      182    000001d1 0      
939    SLINE  0      182    000001de 0      
940    SLINE  0      182    000001ed 0      
941    SLINE  0      182    000001f5 0      
942    SLINE  0      182    000001f8 0      
943    SLINE  0      183    000001fa 0      
944    SLINE  0      182    00000201 0      
945    SLINE  0      183    00000205 0      
946    SLINE  0      182    0000020e 0      
947    SLINE  0      188    00000216 0      
948    SLINE  0      184    00000225 0      
949    SLINE  0      184    00000228 0      
950    SLINE  0      184    0000022c 0      
951    SLINE  0      184    0000022f 0      
952    SLINE  0      184    00000233 0      
953    SLINE  0      184    00000239 0      
954    SLINE  0      185    0000023f 0      
955    SLINE  0      185    00000245 0      
956    SLINE  0      185    0000024b 0      
957    SLINE  0      186    00000250 0      
958    SLINE  0      189    0000027a 0      
959    SLINE  0      190    0000027e 0      
960    SLINE  0      189    00000286 0      
961    SLINE  0      179    0000028e 0      
962    SLINE  0      73     0000029f 0      
963    SLINE  0      75     000002a4 0      
964    SLINE  0      76     000002a8 0      
965    SLINE  0      74     000002bf 0      
966    SLINE  0      196    000002d6 0      
967    SLINE  0      200    000002dc 0      
968    SLINE  0      196    000002e1 0      
969    SLINE  0      197    000002e9 0      
970    SLINE  0      198    000002f1 0      
971    SLINE  0      198    000002fe 0      
972    SLINE  0      200    00000301 0      
973    SLINE  0      78     0000030b 0      
974    SLINE  0      60     00000328 0      
975    SLINE  0      62     0000032d 0      
976    SLINE  0      63     00000331 0      
977    SLINE  0      206    00000341 0      
978    SLINE  0      61     0000034b 0      
979    SLINE  0      206    00000359 0      
980    SLINE  0      65     00000363 0      
981    SLINE  0      206    00000373 0      
982    SLINE  0      60     00000380 0      
983    SLINE  0      62     00000385 0      
984    SLINE  0      63     00000389 0      
985    SLINE  0      213    00000399 0      
986    SLINE  0      61     000003a0 0      
987    SLINE  0      213    000003ae 0      
988    SLINE  0      65     000003b5 0      
989    SLINE  0      213    000003c5 0      
990    SLINE  0      220    000003cf 0      
991    SLINE  0      221    000003d7 0      
992    SLINE  0      222    000003df 0      
993    SLINE  0      225    000003e9 0      
994    SLINE  0      223    000003ec 0      
995    SLINE  0      224    000003f2 0      
996    SLINE  0      232    000003f7 0      
997    SLINE  0      233    0000040e 0      
998    SLINE  0      179    00000411 0      
999    SLINE  0      95     00000414 0      
1000   SLINE  0      60     0000041f 0      
1001   SLINE  0      62     00000424 0      
1002   SLINE  0      63     00000428 0      
1003   SLINE  0      230    00000438 0      
1004   SLINE  0      61     0000043f 0      
1005   SLINE  0      230    0000044d 0      
1006   SLINE  0      65     00000454 0      
1007   SLINE  0      230    00000464 0      
1008   SLINE  0      237    0000046e 0      
1009   SLINE  0      238    00000476 0      
1010   SLINE  0      242    0000047e 0      
1011   SLINE  0      243    00000486 0      
1012   SLINE  0      243    0000048d 0      
1013   SLINE  0      243    00000490 0      
1014   RSYM   0      0      00000002 5468   num:r(0,9)
1015   RSYM   0      0      00000000 5479   base:r(0,1)
1016   RSYM   0      0      00000001 5491   lflag:r(0,1)
1017   RSYM   0      0      00000006 5504   putch:r(0,27)
1018   RSYM   0      0      00000007 5518   putdat:r(0,29)
1019   RSYM   0      0      00000003 5533   fmt:r(0,31)
1020   LBRAC  0      0      00000000 0      
1021   RBRAC  0      0      0000049e 0      
1022   FUN    0      0      f0101341 5545   vsnprintf:F(0,1)
1023   PSYM   0      0      00000008 5562   buf:p(3,2)
1024   PSYM   0      0      0000000c 5573   n:p(0,1)
1025   PSYM   0      0      00000010 5456   fmt:p(0,31)
1026   PSYM   0      0      00000014 4526   ap:p(3,1)
1027   SLINE  0      276    00000000 0      
1028   SLINE  0      277    00000018 0      
1029   SLINE  0      277    0000001b 0      
1030   SLINE  0      277    00000022 0      
1031   SLINE  0      279    00000029 0      
1032   SLINE  0      283    00000031 0      
1033   SLINE  0      286    00000047 0      
1034   SLINE  0      286    0000004a 0      
1035   SLINE  0      288    0000004d 0      
1036   SLINE  0      289    00000053 0      
1037   SLINE  0      280    00000058 0      
1038   LSYM   0      0      ffffffec 5582   b:(0,26)
1039   RSYM   0      0      00000000 5591   buf:r(3,2)
1040   RSYM   0      0      00000002 5602   n:r(0,1)
1041   LBRAC  0      0      00000000 0      
1042   RBRAC  0      0      0000005f 0      
1043   FUN    0      0      f01013a0 5611   snprintf:F(0,1)
1044   PSYM   0      0      00000008 5562   buf:p(3,2)
1045   PSYM   0      0      0000000c 5573   n:p(0,1)
1046   PSYM   0      0      00000010 5456   fmt:p(0,31)
1047   SLINE  0      293    00000000 0      
1048   SLINE  0      297    00000006 0      
1049   SLINE  0      298    00000009 0      
1050   SLINE  0      302    00000018 0      
1051   RSYM   0      0      00000000 5627   rc:r(0,1)
1052   LBRAC  0      0      00000000 0      
1053   RBRAC  0      0      0000001a 0      
1054   STSYM  0      0      f0113028 5637   error_string:S(0,32)=ar(0,33)=r(0,33);0;4294967295;;0;6;(0,31)
1055   SO     0      0      f01013ba 0      
1056   SO     0      2      f01013ba 5700   lib/readline.c
1057   OPT    0      0      00000000 49     gcc2_compiled.
1058   LSYM   0      0      00000000 64     int:t(0,1)=r(0,1);-2147483648;2147483647;
1059   LSYM   0      0      00000000 106    char:t(0,2)=r(0,2);0;127;
1060   LSYM   0      0      00000000 132    long int:t(0,3)=r(0,3);-2147483648;2147483647;
1061   LSYM   0      0      00000000 179    unsigned int:t(0,4)=r(0,4);0;4294967295;
1062   LSYM   0      0      00000000 220    long unsigned int:t(0,5)=r(0,5);0;4294967295;
1063   LSYM   0      0      00000000 266    __int128:t(0,6)=r(0,6);0;-1;
1064   LSYM   0      0      00000000 295    __int128 unsigned:t(0,7)=r(0,7);0;-1;
1065   LSYM   0      0      00000000 333    long long int:t(0,8)=r(0,8);-9223372036854775808;9223372036854775807;
1066   LSYM   0      0      00000000 403    long long unsigned int:t(0,9)=r(0,9);0;-1;
1067   LSYM   0      0      00000000 446    short int:t(0,10)=r(0,10);-32768;32767;
1068   LSYM   0      0      00000000 486    short unsigned int:t(0,11)=r(0,11);0;65535;
1069   LSYM   0      0      00000000 530    signed char:t(0,12)=r(0,12);-128;127;
1070   LSYM   0      0      00000000 568    unsigned char:t(0,13)=r(0,13);0;255;
1071   LSYM   0      0      00000000 605    float:t(0,14)=r(0,1);4;0;
1072   LSYM   0      0      00000000 631    double:t(0,15)=r(0,1);8;0;
1073   LSYM   0      0      00000000 658    long double:t(0,16)=r(0,1);12;0;
1074   LSYM   0      0      00000000 691    _Float32:t(0,17)=r(0,1);4;0;
1075   LSYM   0      0      00000000 720    _Float64:t(0,18)=r(0,1);8;0;
1076   LSYM   0      0      00000000 749    _Float128:t(0,19)=r(0,1);16;0;
1077   LSYM   0      0      00000000 780    _Float32x:t(0,20)=r(0,1);8;0;
1078   LSYM   0      0      00000000 810    _Float64x:t(0,21)=r(0,1);12;0;
1079   LSYM   0      0      00000000 841    _Decimal32:t(0,22)=r(0,1);4;0;
1080   LSYM   0      0      00000000 872    _Decimal64:t(0,23)=r(0,1);8;0;
1081   LSYM   0      0      00000000 903    _Decimal128:t(0,24)=r(0,1);16;0;
1082   LSYM   0      0      00000000 936    void:t(0,25)=(0,25)
1083   EXCL   0      0      00000000 2901   ./inc/stdio.h
1084   EXCL   0      0      00000650 2915   ./inc/stdarg.h
1085   EXCL   0      0      00001a2c 4989   ./inc/error.h
1086   FUN    0      0      f01013ba 5715   readline:F(2,2)
1087   PSYM   0      0      00000008 5731   prompt:p(0,26)=*(0,2)
1088   SLINE  0      9      00000000 0      
1089   SLINE  0      12     00000017 0      
1090   SLINE  0      13     0000001b 0      
1091   SLINE  0      16     0000002e 0      
1092   SLINE  0      15     0000003e 0      
1093   SLINE  0      20     00000045 0      
1094   SLINE  0      21     00000055 0      
1095   SLINE  0      37     0000005d 0      
1096   SLINE  0      23     00000065 0      
1097   SLINE  0      25     0000006b 0      
1098   SLINE  0      24     00000070 0      
1099   SLINE  0      28     0000007f 0      
1100   SLINE  0      29     0000008b 0      
1101   SLINE  0      29     00000094 0      
1102   SLINE  0      18     00000097 0      
1103   SLINE  0      19     0000009e 0      
1104   SLINE  0      22     000000a2 0      
1105   SLINE  0      22     000000a8 0      
1106   SLINE  0      22     000000ae 0      
1107   SLINE  0      26     000000b6 0      
1108   SLINE  0      27     000000c3 0      
1109   SLINE  0      30     000000cb 0      
1110   SLINE  0      31     000000d5 0      
1111   SLINE  0      33     000000db 0      
1112   SLINE  0      34     000000e3 0      
1113   SLINE  0      32     000000ee 0      
1114   RSYM   0      0      00000006 3259   c:r(0,1)
1115   RSYM   0      0      00000000 5753   prompt:r(0,26)
1116   LBRAC  0      0      00000000 0      
1117   RBRAC  0      0      000000fd 0      
1118   LCSYM  0      0      f01132a0 5768   buf:S(0,27)=ar(0,28)=r(0,28);0;4294967295;;0;1023;(0,2)
1119   SO     0      0      f01014b7 0      
1120   SO     0      2      f01014b7 5824   lib/string.c
1121   OPT    0      0      00000000 49     gcc2_compiled.
1122   LSYM   0      0      00000000 64     int:t(0,1)=r(0,1);-2147483648;2147483647;
1123   LSYM   0      0      00000000 106    char:t(0,2)=r(0,2);0;127;
1124   LSYM   0      0      00000000 132    long int:t(0,3)=r(0,3);-2147483648;2147483647;
1125   LSYM   0      0      00000000 179    unsigned int:t(0,4)=r(0,4);0;4294967295;
1126   LSYM   0      0      00000000 220    long unsigned int:t(0,5)=r(0,5);0;4294967295;
1127   LSYM   0      0      00000000 266    __int128:t(0,6)=r(0,6);0;-1;
1128   LSYM   0      0      00000000 295    __int128 unsigned:t(0,7)=r(0,7);0;-1;
1129   LSYM   0      0      00000000 333    long long int:t(0,8)=r(0,8);-9223372036854775808;9223372036854775807;
1130   LSYM   0      0      00000000 403    long long unsigned int:t(0,9)=r(0,9);0;-1;
1131   LSYM   0      0      00000000 446    short int:t(0,10)=r(0,10);-32768;32767;
1132   LSYM   0      0      00000000 486    short unsigned int:t(0,11)=r(0,11);0;65535;
1133   LSYM   0      0      00000000 530    signed char:t(0,12)=r(0,12);-128;127;
1134   LSYM   0      0      00000000 568    unsigned char:t(0,13)=r(0,13);0;255;
1135   LSYM   0      0      00000000 605    float:t(0,14)=r(0,1);4;0;
1136   LSYM   0      0      00000000 631    double:t(0,15)=r(0,1);8;0;
1137   LSYM   0      0      00000000 658    long double:t(0,16)=r(0,1);12;0;
1138   LSYM   0      0      00000000 691    _Float32:t(0,17)=r(0,1);4;0;
1139   LSYM   0      0      00000000 720    _Float64:t(0,18)=r(0,1);8;0;
1140   LSYM   0      0      00000000 749    _Float128:t(0,19)=r(0,1);16;0;
1141   LSYM   0      0      00000000 780    _Float32x:t(0,20)=r(0,1);8;0;
1142   LSYM   0      0      00000000 810    _Float64x:t(0,21)=r(0,1);12;0;
1143   LSYM   0      0      00000000 841    _Decimal32:t(0,22)=r(0,1);4;0;
1144   LSYM   0      0      00000000 872    _Decimal64:t(0,23)=r(0,1);8;0;
1145   LSYM   0      0      00000000 903    _Decimal128:t(0,24)=r(0,1);16;0;
1146   LSYM   0      0      00000000 936    void:t(0,25)=(0,25)
1147   EXCL   0      0      00000000 2958   ./inc/string.h
1148   EXCL   0      0      000060d4 968    ./inc/types.h
1149   FUN    0      0      f01014b7 5837   strlen:F(0,1)
1150   PSYM   0      0      00000008 5851   s:p(0,26)=*(0,2)
1151   SLINE  0      13     00000000 0      
1152   SLINE  0      16     00000006 0      
1153   SLINE  0      16     0000000b 0      
1154   SLINE  0      17     00000011 0      
1155   SLINE  0      19     00000016 0      
1156   RSYM   0      0      00000000 5602   n:r(0,1)
1157   RSYM   0      0      00000002 5868   s:r(0,26)
1158   LBRAC  0      0      00000000 0      
1159   RBRAC  0      0      00000018 0      
1160   FUN    0      0      f01014cf 5878   strnlen:F(0,1)
1161   PSYM   0      0      00000008 5893   s:p(0,26)
1162   PSYM   0      0      0000000c 5903   size:p(2,16)
1163   SLINE  0      23     00000000 0      
1164   SLINE  0      26     00000009 0      
1165   SLINE  0      26     0000000e 0      
1166   SLINE  0      26     00000012 0      
1167   SLINE  0      27     00000018 0      
1168   SLINE  0      29     0000001f 0      
1169   RSYM   0      0      00000001 5868   s:r(0,26)
1170   FUN    0      0      f01014f0 5916   strcpy:F(0,27)=*(0,2)
1171   PSYM   0      0      00000008 5938   dst:p(0,27)
1172   PSYM   0      0      0000000c 5950   src:p(0,26)
1173   SLINE  0      33     00000000 0      
1174   SLINE  0      37     0000000a 0      
1175   SLINE  0      37     0000000f 0      
1176   SLINE  0      37     00000013 0      
1177   SLINE  0      37     00000019 0      
1178   SLINE  0      40     0000001d 0      
1179   RSYM   0      0      00000000 5962   dst:r(0,27)
1180   RSYM   0      0      00000003 5974   src:r(0,26)
1181   FUN    0      0      f0101510 5986   strcat:F(0,27)
1182   PSYM   0      0      00000008 5938   dst:p(0,27)
1183   PSYM   0      0      0000000c 5950   src:p(0,26)
1184   SLINE  0      44     00000000 0      
1185   SLINE  0      45     0000000a 0      
1186   SLINE  0      46     00000013 0      
1187   SLINE  0      48     0000001e 0      
1188   RSYM   0      0      00000000 6001   len:r(0,1)
1189   RSYM   0      0      00000003 5962   dst:r(0,27)
1190   LBRAC  0      0      00000000 0      
1191   RBRAC  0      0      00000025 0      
1192   FUN    0      0      f0101535 6012   strncpy:F(0,27)
1193   PSYM   0      0      00000008 5938   dst:p(0,27)
1194   PSYM   0      0      0000000c 5950   src:p(0,26)
1195   PSYM   0      0      00000010 5903   size:p(2,16)
1196   SLINE  0      51     00000000 0      
1197   SLINE  0      56     00000010 0      
1198   SLINE  0      56     00000012 0      
1199   SLINE  0      57     00000016 0      
1200   SLINE  0      57     00000019 0      
1201   SLINE  0      57     0000001c 0      
1202   SLINE  0      60     0000001f 0      
1203   SLINE  0      63     00000027 0      
1204   RSYM   0      0      00000000 5962   dst:r(0,27)
1205   RSYM   0      0      00000001 5974   src:r(0,26)
1206   FUN    0      0      f0101560 6028   strlcpy:F(2,16)
1207   PSYM   0      0      00000008 5938   dst:p(0,27)
1208   PSYM   0      0      0000000c 5950   src:p(0,26)
1209   PSYM   0      0      00000010 5903   size:p(2,16)
1210   SLINE  0      67     00000000 0      
1211   SLINE  0      71     00000010 0      
1212   SLINE  0      72     0000001a 0      
1213   SLINE  0      72     0000001e 0      
1214   SLINE  0      72     00000021 0      
1215   SLINE  0      73     00000025 0      
1216   SLINE  0      73     00000028 0      
1217   SLINE  0      73     0000002b 0      
1218   SLINE  0      74     00000032 0      
1219   SLINE  0      76     00000035 0      
1220   SLINE  0      77     00000037 0      
1221   RSYM   0      0      00000006 5962   dst:r(0,27)
1222   RSYM   0      0      00000001 5974   src:r(0,26)
1223   RSYM   0      0      00000002 6044   size:r(2,16)
1224   FUN    0      0      f010159b 6057   strcmp:F(0,1)
1225   PSYM   0      0      00000008 6071   p:p(0,26)
1226   PSYM   0      0      0000000c 6081   q:p(0,26)
1227   SLINE  0      81     00000000 0      
1228   SLINE  0      82     00000009 0      
1229   SLINE  0      82     0000000c 0      
1230   SLINE  0      82     00000010 0      
1231   SLINE  0      83     00000014 0      
1232   SLINE  0      83     00000017 0      
1233   SLINE  0      84     0000001c 0      
1234   SLINE  0      84     0000001f 0      
1235   SLINE  0      84     00000022 0      
1236   SLINE  0      85     00000024 0      
1237   RSYM   0      0      00000001 6091   p:r(0,26)
1238   RSYM   0      0      00000002 6101   q:r(0,26)
1239   FUN    0      0      f01015c1 6111   strncmp:F(0,1)
1240   PSYM   0      0      00000008 6071   p:p(0,26)
1241   PSYM   0      0      0000000c 6081   q:p(0,26)
1242   PSYM   0      0      00000010 6126   n:p(2,16)
1243   SLINE  0      89     00000000 0      
1244   SLINE  0      90     0000000f 0      
1245   SLINE  0      91     00000011 0      
1246   SLINE  0      91     00000014 0      
1247   SLINE  0      90     00000017 0      
1248   SLINE  0      90     0000001b 0      
1249   SLINE  0      90     0000001e 0      
1250   SLINE  0      90     00000022 0      
1251   SLINE  0      95     00000026 0      
1252   SLINE  0      95     00000029 0      
1253   SLINE  0      95     0000002c 0      
1254   SLINE  0      96     0000002e 0      
1255   SLINE  0      93     00000031 0      
1256   RSYM   0      0      00000000 6091   p:r(0,26)
1257   RSYM   0      0      00000002 6101   q:r(0,26)
1258   FUN    0      0      f01015f9 6136   strchr:F(0,27)
1259   PSYM   0      0      00000008 5893   s:p(0,26)
1260   PSYM   0      0      0000000c 3450   c:p(0,1)
1261   SLINE  0      102    00000000 0      
1262   SLINE  0      103    0000000a 0      
1263   SLINE  0      103    0000000d 0      
1264   SLINE  0      104    00000011 0      
1265   SLINE  0      103    00000015 0      
1266   SLINE  0      106    0000001a 0      
1267   SLINE  0      107    0000001f 0      
1268   RSYM   0      0      00000000 5868   s:r(0,26)
1269   RSYM   0      0      00000001 6151   c:r(0,2)
1270   FUN    0      0      f010161a 6160   strfind:F(0,27)
1271   PSYM   0      0      00000008 5893   s:p(0,26)
1272   PSYM   0      0      0000000c 3450   c:p(0,1)
1273   SLINE  0      113    00000000 0      
1274   SLINE  0      114    0000000a 0      
1275   SLINE  0      115    0000000d 0      
1276   SLINE  0      114    00000015 0      
1277   SLINE  0      118    0000001a 0      
1278   RSYM   0      0      00000000 5868   s:r(0,26)
1279   RSYM   0      0      00000001 6151   c:r(0,2)
1280   FUN    0      0      f0101636 6176   memset:F(0,28)=*(0,25)
1281   PSYM   0      0      00000008 6199   v:p(0,28)
1282   PSYM   0      0      0000000c 3450   c:p(0,1)
1283   PSYM   0      0      00000010 6126   n:p(2,16)
1284   SLINE  0      123    00000000 0      
1285   SLINE  0      126    0000000c 0      
1286   SLINE  0      128    00000010 0      
1287   SLINE  0      129    00000018 0      
1288   SLINE  0      130    0000001c 0      
1289   SLINE  0      130    00000021 0      
1290   SLINE  0      130    00000026 0      
1291   SLINE  0      130    0000002b 0      
1292   SLINE  0      130    0000002f 0      
1293   SLINE  0      132    00000031 0      
1294   SLINE  0      131    00000034 0      
1295   SLINE  0      135    0000003b 0      
1296   SLINE  0      139    00000041 0      
1297   RSYM   0      0      00000007 6209   v:r(0,28)
1298   RSYM   0      0      00000001 6219   n:r(2,16)
1299   FUN    0      0      f010167e 6229   memmove:F(0,28)
1300   PSYM   0      0      00000008 6245   dst:p(0,28)
1301   PSYM   0      0      0000000c 6257   src:p(0,29)=*(0,25)
1302   PSYM   0      0      00000010 6126   n:p(2,16)
1303   SLINE  0      143    00000000 0      
1304   SLINE  0      149    0000000e 0      
1305   SLINE  0      149    00000012 0      
1306   SLINE  0      149    00000015 0      
1307   SLINE  0      151    00000019 0      
1308   SLINE  0      152    0000001c 0      
1309   SLINE  0      154    0000002a 0      
1310   SLINE  0      154    0000002d 0      
1311   SLINE  0      154    00000030 0      
1312   SLINE  0      153    00000033 0      
1313   SLINE  0      157    00000038 0      
1314   SLINE  0      157    0000003b 0      
1315   SLINE  0      156    0000003e 0      
1316   SLINE  0      159    00000041 0      
1317   SLINE  0      161    00000044 0      
1318   SLINE  0      163    0000004f 0      
1319   SLINE  0      162    00000052 0      
1320   SLINE  0      165    00000059 0      
1321   SLINE  0      169    0000005e 0      
1322   RSYM   0      0      00000007 6277   d:r(0,27)
1323   RSYM   0      0      00000000 6287   dst:r(0,28)
1324   RSYM   0      0      00000006 6299   src:r(0,29)
1325   RSYM   0      0      00000001 6219   n:r(2,16)
1326   LBRAC  0      0      00000000 0      
1327   RBRAC  0      0      00000062 0      
1328   FUN    0      0      f01016e0 6311   memcpy:F(0,28)
1329   PSYM   0      0      00000008 6245   dst:p(0,28)
1330   PSYM   0      0      0000000c 6326   src:p(0,29)
1331   PSYM   0      0      00000010 6126   n:p(2,16)
1332   SLINE  0      210    00000000 0      
1333   SLINE  0      211    00000006 0      
1334   SLINE  0      212    00000014 0      
1335   FUN    0      0      f01016f6 6338   memcmp:F(0,1)
1336   PSYM   0      0      00000008 6352   v1:p(0,29)
1337   PSYM   0      0      0000000c 6363   v2:p(0,29)
1338   PSYM   0      0      00000010 6126   n:p(2,16)
1339   SLINE  0      216    00000000 0      
1340   SLINE  0      220    00000010 0      
1341   SLINE  0      221    00000014 0      
1342   SLINE  0      221    00000017 0      
1343   SLINE  0      221    0000001a 0      
1344   SLINE  0      223    0000001e 0      
1345   SLINE  0      223    00000021 0      
1346   SLINE  0      222    00000026 0      
1347   SLINE  0      222    00000029 0      
1348   SLINE  0      222    0000002c 0      
1349   SLINE  0      226    00000030 0      
1350   SLINE  0      227    00000035 0      
1351   RSYM   0      0      00000000 6374   s1:r(0,30)=*(2,5)
1352   RSYM   0      0      00000002 6392   s2:r(0,30)
1353   RSYM   0      0      00000000 6403   v1:r(0,29)
1354   RSYM   0      0      00000002 6414   v2:r(0,29)
1355   LBRAC  0      0      00000000 0      
1356   RBRAC  0      0      00000039 0      
1357   FUN    0      0      f010172f 6425   memfind:F(0,28)
1358   PSYM   0      0      00000008 6441   s:p(0,29)
1359   PSYM   0      0      0000000c 3450   c:p(0,1)
1360   PSYM   0      0      00000010 6126   n:p(2,16)
1361   SLINE  0      231    00000000 0      
1362   SLINE  0      232    00000009 0      
1363   SLINE  0      233    0000000e 0      
1364   SLINE  0      234    00000012 0      
1365   SLINE  0      233    00000016 0      
1366   SLINE  0      237    0000001b 0      
1367   RSYM   0      0      00000002 6451   ends:r(0,29)
1368   RSYM   0      0      00000000 6464   s:r(0,29)
1369   RSYM   0      0      00000001 3259   c:r(0,1)
1370   LBRAC  0      0      00000000 0      
1371   RBRAC  0      0      0000001d 0      
1372   FUN    0      0      f010174c 6474   strtol:F(0,3)
1373   PSYM   0      0      00000008 5893   s:p(0,26)
1374   PSYM   0      0      0000000c 6488   endptr:p(0,31)=*(0,27)
1375   PSYM   0      0      00000010 6511   base:p(0,1)
1376   SLINE  0      241    00000000 0      
1377   SLINE  0      246    0000000c 0      
1378   SLINE  0      247    0000000e 0      
1379   SLINE  0      246    00000011 0      
1380   SLINE  0      246    00000014 0      
1381   SLINE  0      250    0000001c 0      
1382   SLINE  0      242    00000020 0      
1383   SLINE  0      252    00000025 0      
1384   SLINE  0      256    00000029 0      
1385   SLINE  0      256    00000031 0      
1386   SLINE  0      261    00000036 0      
1387   SLINE  0      251    0000004a 0      
1388   SLINE  0      242    0000004d 0      
1389   SLINE  0      253    00000054 0      
1390   SLINE  0      253    00000057 0      
1391   SLINE  0      256    0000005e 0      
1392   SLINE  0      258    00000064 0      
1393   SLINE  0      259    00000068 0      
1394   SLINE  0      259    0000006b 0      
1395   SLINE  0      259    00000070 0      
1396   SLINE  0      257    00000072 0      
1397   SLINE  0      257    00000075 0      
1398   SLINE  0      257    0000007a 0      
1399   SLINE  0      269    0000007c 0      
1400   SLINE  0      269    0000007f 0      
1401   SLINE  0      270    00000086 0      
1402   SLINE  0      270    00000089 0      
1403   SLINE  0      275    0000008c 0      
1404   SLINE  0      277    00000091 0      
1405   SLINE  0      277    00000094 0      
1406   SLINE  0      277    00000098 0      
1407   SLINE  0      267    0000009a 0      
1408   SLINE  0      267    0000009d 0      
1409   SLINE  0      267    000000a0 0      
1410   SLINE  0      268    000000a7 0      
1411   SLINE  0      268    000000aa 0      
1412   SLINE  0      271    000000af 0      
1413   SLINE  0      271    000000b2 0      
1414   SLINE  0      272    000000b9 0      
1415   SLINE  0      272    000000bc 0      
1416   SLINE  0      281    000000c1 0      
1417   SLINE  0      282    000000c7 0      
1418   SLINE  0      283    000000cc 0      
1419   SLINE  0      284    000000d5 0      
1420   RSYM   0      0      00000007 6523   neg:r(0,1)
1421   RSYM   0      0      00000000 6534   val:r(0,3)
1422   RSYM   0      0      00000001 5868   s:r(0,26)
1423   RSYM   0      0      00000003 5479   base:r(0,1)
1424   LBRAC  0      0      00000000 0      
1425   RSYM   0      0      00000002 6545   dig:r(0,1)
1426   LBRAC  0      0      0000007c 0      
1427   RBRAC  0      0      000000c1 0      
1428   RBRAC  0      0      000000da 0      
1429   SO     0      0      f0101826 0      

